# Patients

patients <- c(
    "al_ro_1989_04_25_160_f",
    "al_zu_1997_04_02_880_f",
    "am_gu_1999_02_11_937_f",
    "an_am_1996_05_12_176_f",
    "an_de_1998_11_10_289_f",
    "ar_ce_2005_04_20_937_f",
    "ar_co_1996_12_27_348_f",
    "as_ga_2005_06_15_329_f",
    "bi_an_2001_09_16_735_f",
    "bi_di_2006_04_20_725_f",
    "ca_so_2001_01_09_118_f",
    "ch_ca_2000_09_26_406_f",
    "ch_ma_2001_10_27_332_f",
    "ch_na_2007_06_23_908_f",
    "ch_pi_2004_02_25_126_f",
    "ch_ri_1993_05_05_564_f",
    "cl_pu_2007_05_24_423_f",
    "cr_gi_1994_10_14_378_f",
    "da_de_1998_08_15_141_m",
    "el_ma_1986_06_14_839_f",
    "em_al_1989_07_27_200_f",
    "em_bi_2007_12_28_766_f",
    "em_gr_2002_08_25_628_f",
    "em_or_2003_01_02_101_f",
    "es_bo_2004_07_23_474_f",
    "fe_al_1988_05_06_180_f",
    "fe_ma_1998_06_29_257_f",
    "fe_sa_2002_05_09_008_f",
    "fr_au_1987_12_16_221_f",
    "fr_bo_1993_09_09_170_f",
    "fr_la_2004_05_17_363_f",
    "fr_ro_1982_08_15_048_f",
    "gi_ba_2008_01_31_376_f",
    "gi_va_1992_04_14_174_f",
    "gr_bo_1996_07_31_547_f",
    "gr_de_2002_09_21_426_f",
    "he_ha_2006_04_21_874_f",
    "il_fu_2002_12_30_306_f",
    "ir_bo_1981_03_29_325_f",
    "ir_pi_2002_01_22_765_f",
    "ir_to_2007_08_01_838_f",
    "lu_mu_1997_03_18_059_f",
    "lu_te_1990_10_28_496_f",
    "ma_za_2002_02_28_051_f",
    "sa_ta_2003_11_14_150_f",
    "so_be_2008_12_15_399_f", # PRL
    "ch_ma_2001_10_27_331_f", # the last four have been added to the WCST
    "fe_sa_2002_05_09_08_f", 
    "em_or_2003_01_01_101_f", 
    "ch_pi_2001_10_08_418_f"
)

# The above is the *complete* list of the 50 patients that are part of the 
# project. 


# HC

hc <- c(
    "al_an_1996_06_03_205_f",
    "al_la_2001_07_14_104_f",
    "al_lo_2001_02_10_286_f",
    "al_me_2001_06_24_456_f",
    "an_am_1993_05_20_789_f",
    "an_ma_2001_06_27_832_f",
    "ar_cr_1996_08_05_738_f",
    "ar_lo_2001_11_02_365_f",
    "ba_pa_2000_01_08_543_f",
    "be_ba_1995_04_27_656_f",
    "ca_sa_2001_06_01_608_f",
    "ca_va_2001_08_28_797_f",
    "ch_ca_1998_01_31_179_f",
    "el_ch_1994_09_27_944_f",
    "el_gi_1994_06_25_443_f",
    "el_la_1996_02_10_228_f",
    "el_ma_2001_07_17_978_f",
    "el_nu_2001_02_09_373_f",
    "el_pa_2000_09_28_331_f",
    "el_ta_2000_01_02_570_f",
    "fe_ro_1999_10_25_558_f",
    "fe_te_2000_05_17_086_f",
    "fr_ba_1997_10_29_663_f",
    "fr_pl_2002_02_14_755_f",
    "fr_tr_1997_09_19_223_f",
    "ga_gi_1992_02_10_570_f",
    "ga_lu_2000_03_17_328_f",
    "gi_fi_1996_03_09_339_f",
    "gi_gi_1993_06_23_188_f",
    "gi_lu_2001_07_05_641_f",
    "gi_ma_1998_10_27_642_f",
    "gi_sa_2000_07_05_104_f",
    "gi_to_1997_07_30_762_f",
    "la_or_2001_09_18_400_f",
    "la_sa_2001_11_15_307_f",
    "ma_ca_1995_10_01_691_f",
    "ma_ce_2002_04_17_755_f",
    "ma_pe_2000_09_06_022_f",
    "ma_pr_2000_09_18_430_f",
    "ma_sp_2000_08_01_464_f",
    "mi_pr_1997_07_03_575_f",
    "na_ge_1996_05_29_070_f",
    "ni_bi_1996_12_16_648_f",
    "oa_sp_1989_01_05_303_f",
    "re_ve_2001_03_28_201_f",
    "sa_pa_2001_05_14_311_f",
    "si_sc_1992_12_23_119_f",
    "so_go_1997_05_16_135_f",
    "so_mo_2001_10_27_943_f",
    "su_or_1993_01_13_765_f"
)

# RI

ri <- c(
    "al_be_1997_03_10_966_f",
    "an_re_2001_08_28_633_f",
    "ca_mi_2001_06_16_988_f",
    "ch_lo_2000_09_25_565_f",
    "ch_ma_1995_08_28_639_f",
    "ed_sc_2001_09_26_034_m",
    "el_li_1999_09_08_687_f",
    "gi_ga_2001_07_20_277_f",
    "gi_gi_1990_03_28_384_f",
    "gi_me_2001_03_31_627_f",
    "gi_po_1998_11_07_576_f",
    "gi_se_1999_07_09_402_f",
    "gi_sp_1995_10_16_533_f",
    "ha_ri_2001_07_07_704_f",
    "li_li_2001_12_04_406_f",
    "ma_la_2001_09_12_609_f",
    "ma_ma_2001_07_10_611_f",
    "ma_pa_2001_06_11_636_f",
    "ma_pi_2001_05_11_566_f",
    "ma_ta_2001_05_23_401_f",
    "ot_na_1999_03_18_271_f",
    "sa_la_1994_11_13_963_f",
    "se_pi_2001_01_22_920_f",
    "vi_mi_2000_08_21_472_f"
)


participants_list <- list()
participants_list[[1]] <- patients
participants_list[[2]] <- hc
participants_list[[3]] <- ri
